{
 "cells": [
  {
   "cell_type": "code",
   "execution_count": 9,
   "metadata": {},
   "outputs": [
    {
     "name": "stdout",
     "output_type": "stream",
     "text": [
      "The autoreload extension is already loaded. To reload it, use:\n",
      "  %reload_ext autoreload\n"
     ]
    }
   ],
   "source": [
    "%load_ext autoreload\n",
    "%autoreload 2"
   ]
  },
  {
   "cell_type": "markdown",
   "metadata": {},
   "source": [
    "### Description\n",
    "\n",
    "Generate a conditional output distribution according to some constraints"
   ]
  },
  {
   "cell_type": "code",
   "execution_count": 10,
   "metadata": {
    "collapsed": true
   },
   "outputs": [],
   "source": [
    "import numpy as np\n",
    "import function_generation\n",
    "import probability_distributions"
   ]
  },
  {
   "cell_type": "code",
   "execution_count": 11,
   "metadata": {
    "collapsed": true
   },
   "outputs": [],
   "source": [
    "#distribution parameters\n",
    "input_variables = 4\n",
    "number_of_states = 5\n",
    "nudge_size = 0.01\n",
    "\n",
    "#generate both input and conditional output with Dirichlet weights\n",
    "distribution_shape = [number_of_states]*input_variables\n",
    "total_number_of_states = reduce(lambda x,y: x*y, distribution_shape)\n",
    "input_dist = np.random.dirichlet([1]*total_number_of_states)\n",
    "input_dist = np.reshape(input_dist, distribution_shape)\n",
    "cond_shape = [number_of_states]*(input_variables+1)\n",
    "cond_output = [\n",
    "    probability_distributions.compute_joint_uniform_random((number_of_states,))\n",
    "    for i in range(number_of_states**(input_variables))\n",
    "]\n",
    "cond_output = np.array(cond_output)\n",
    "cond_output = np.reshape(cond_output, cond_shape)\n"
   ]
  },
  {
   "cell_type": "code",
   "execution_count": 12,
   "metadata": {
    "collapsed": true
   },
   "outputs": [],
   "source": [
    "PATH = \"/home/derkjan/Documents/academics_UVA/master_thesis/code/\"\n",
    "INPUT_FOLDER = \"input_distributions/\"\n",
    "COND_OUTPUT_FOLDER = \"conditional_output_distributions/\"\n",
    "FOLDER_FORMAT_INPUT = \"{}var_{}states/\"\n",
    "FOLDER_FORMAT_CONDITIONAL = \"{}var_{}states/\"\n",
    "FILE_FORMAT_INPUT = \"dist_{}.npy\"\n",
    "FILE_FORMAT_COND_OUTPUT = \"cond_dist_{}.npy\"\n",
    "\n",
    "DIRICHLET_FOLDER_INPUT = \"dirichlet/\"\n",
    "ENTROPY_LOW_FOLDER_INPUT = \"entropy_0.5/\"\n",
    "ENTROPY_MEDIUM_FOLDER_INPUT = \"entropy_0.75/\"\n",
    "\n",
    "DIRICHLET_FOLDER_COND_OUTPUT = \"dirichlet/\"\n",
    "\n",
    "\n",
    "def generate_distributions(path_to_files, file_format, number_of_distributions):\n",
    "    for i in range(number_of_distributions):\n",
    "        file_name = path_to_files + file_format.format(i)\n",
    "        with open(file_name, 'rb') as f:\n",
    "            yield np.load(f)\n",
    "\n",
    "def get_input_dist_entropy_75(number_of_dists, number_of_var):\n",
    "    number_of_states = 5\n",
    "    path_to_input_files = (\n",
    "        PATH + INPUT_FOLDER + ENTROPY_MEDIUM_FOLDER_INPUT\n",
    "        + FOLDER_FORMAT_INPUT.format(number_of_var, number_of_states)\n",
    "    )\n",
    "    input_generator = generate_distributions(\n",
    "        path_to_input_files, FILE_FORMAT_INPUT, \n",
    "        number_of_dists\n",
    "    )\n",
    "    input_shape = [number_of_states]*number_of_var\n",
    "    input_dists = []\n",
    "    for sample in range(number_of_dists):\n",
    "        input_dist = next(input_generator)\n",
    "        input_dists.append(np.reshape(input_dist, input_shape))\n",
    "        \n",
    "    return input_dists\n"
   ]
  },
  {
   "cell_type": "code",
   "execution_count": 13,
   "metadata": {
    "collapsed": true
   },
   "outputs": [],
   "source": [
    "input_dists = get_input_dist_entropy_75(100, 4)"
   ]
  },
  {
   "cell_type": "code",
   "execution_count": 16,
   "metadata": {},
   "outputs": [
    {
     "data": {
      "text/plain": [
       "0.053120974471955441"
      ]
     },
     "execution_count": 16,
     "metadata": {},
     "output_type": "execute_result"
    }
   ],
   "source": [
    "individual = function_generation.ConditionalOutput(cond_output)\n",
    "individual.evaluate(input_dists=input_dists, goal_distance=0)\n",
    "individual.score"
   ]
  },
  {
   "cell_type": "code",
   "execution_count": 17,
   "metadata": {},
   "outputs": [],
   "source": [
    "\n",
    "mutated_distribution = function_generation.mutate_conditional_distribution_uniform(\n",
    "    np.copy(cond_output), 0.01\n",
    ")"
   ]
  },
  {
   "cell_type": "code",
   "execution_count": 33,
   "metadata": {},
   "outputs": [
    {
     "name": "stdout",
     "output_type": "stream",
     "text": [
      "initial distance condtional output 0.0589375907398\n"
     ]
    }
   ],
   "source": [
    "#local nudge optimization\n",
    "number_of_generations = 100 \n",
    "population_size = 20\n",
    "number_of_children = 10 \n",
    "generational = True\n",
    "mutation_size = 0.05\n",
    "parent_selection_mode = \"rank_exponential\"\n",
    "#parent_selection_mode = None\n",
    "number_of_input_distributions = 200\n",
    "goal_distance = 0\n",
    "\n",
    "number_of_states = 5\n",
    "number_of_input_variables = 4 \n",
    "\n",
    "#create the initial population\n",
    "conditional_outputs = function_generation.create_condional_distributions(\n",
    "    population_size, number_of_states, number_of_input_variables\n",
    ")\n",
    "\n",
    "for conditional_output in conditional_outputs:\n",
    "    conditional_output.evaluate(goal_distance, input_dists)\n",
    "print(\"initial distance condtional output {}\".format(\n",
    "    function_generation.sort_individuals(conditional_outputs)[-1].score\n",
    "))"
   ]
  },
  {
   "cell_type": "code",
   "execution_count": 34,
   "metadata": {},
   "outputs": [
    {
     "name": "stdout",
     "output_type": "stream",
     "text": [
      "[0.058029272661808774, 0.054426075106180354, 0.05522592121156835, 0.050876403592097053, 0.054380509512050847, 0.053757843815619127, 0.051976556085402484, 0.054475893683103835, 0.049317011687453595, 0.054726489043890096, 0.055977707798473685, 0.053797011982869111, 0.056211217949664591, 0.058937590739764227, 0.056514080186320211, 0.057467528427759484, 0.053395308733689112, 0.058106821253760703, 0.053724959199888331, 0.054347115144120411]\n",
      "timestep 0, worst 0.0580292726618, best 0.0543471151441\n",
      "timestep 1, worst 0.0534910065684, best 0.0592492906305\n",
      "timestep 2, worst 0.053523995951, best 0.0589779601739\n",
      "timestep 3, worst 0.0545707818828, best 0.0592784964063\n",
      "timestep 4, worst 0.0549789980235, best 0.0590489572875\n",
      "timestep 5, worst 0.0551319889006, best 0.0593164175302\n",
      "timestep 6, worst 0.0557626688545, best 0.0585201793828\n",
      "timestep 7, worst 0.0560939189498, best 0.058367169735\n",
      "timestep 8, worst 0.0556178270761, best 0.0585842721846\n",
      "timestep 9, worst 0.0560935991957, best 0.0589856792811\n",
      "timestep 10, worst 0.0563176486538, best 0.0591796804149\n",
      "timestep 11, worst 0.0564127445749, best 0.0595214663137\n",
      "timestep 12, worst 0.0561933975912, best 0.0596972538505\n",
      "timestep 13, worst 0.0562460060372, best 0.0594270688525\n",
      "timestep 14, worst 0.0565393233719, best 0.0597313458956\n",
      "timestep 15, worst 0.0575460695362, best 0.0598735007138\n",
      "timestep 16, worst 0.0574941324767, best 0.0602462362441\n",
      "timestep 17, worst 0.0572919188122, best 0.060088292925\n",
      "timestep 18, worst 0.0576988931054, best 0.0602668127135\n",
      "timestep 19, worst 0.0590913472859, best 0.0607716490671\n",
      "timestep 20, worst 0.0592590820356, best 0.0603977220827\n",
      "timestep 21, worst 0.0597958465131, best 0.0606953186566\n",
      "timestep 22, worst 0.0596015972484, best 0.0608487676588\n",
      "timestep 23, worst 0.0597784446519, best 0.0609523576213\n",
      "timestep 24, worst 0.0598104025242, best 0.0609469512691\n",
      "timestep 25, worst 0.0596979413269, best 0.0613412136038\n",
      "timestep 26, worst 0.059555330531, best 0.0605978634789\n",
      "timestep 27, worst 0.0594952552649, best 0.0608048990814\n",
      "timestep 28, worst 0.0598993713818, best 0.0608385968289\n",
      "timestep 29, worst 0.0595505103422, best 0.0605369233924\n",
      "timestep 30, worst 0.059511169205, best 0.060692314527\n",
      "timestep 31, worst 0.0596684752107, best 0.0608979192689\n",
      "timestep 32, worst 0.059081609848, best 0.0605471663827\n",
      "timestep 33, worst 0.0598492904429, best 0.060671446092\n",
      "timestep 34, worst 0.0597362859071, best 0.0607032201612\n",
      "timestep 35, worst 0.0596937679101, best 0.0607621265468\n",
      "timestep 36, worst 0.059849340361, best 0.0612983046361\n",
      "timestep 37, worst 0.0599796500535, best 0.0611522334348\n",
      "timestep 38, worst 0.0600939074914, best 0.0609542403992\n",
      "timestep 39, worst 0.0602616684199, best 0.0613091625167\n",
      "timestep 40, worst 0.0605308161592, best 0.0617376831591\n",
      "timestep 41, worst 0.0603362856332, best 0.061325502049\n",
      "timestep 42, worst 0.0598583065915, best 0.0616712704267\n",
      "timestep 43, worst 0.0607716052118, best 0.0615375257579\n",
      "timestep 44, worst 0.0608012103397, best 0.0616425185108\n",
      "timestep 45, worst 0.0601004713602, best 0.0617145545681\n",
      "timestep 46, worst 0.0608636225386, best 0.0617200113348\n",
      "timestep 47, worst 0.0610713424852, best 0.0621361275776\n",
      "timestep 48, worst 0.0608092797115, best 0.0620744712288\n",
      "timestep 49, worst 0.0608054605266, best 0.0621529482254\n",
      "timestep 50, worst 0.0610835909457, best 0.0623263536806\n",
      "timestep 51, worst 0.0609620798335, best 0.0620242770631\n",
      "timestep 52, worst 0.0610565985256, best 0.0622203981781\n",
      "timestep 53, worst 0.0607079486059, best 0.0623666644731\n",
      "timestep 54, worst 0.061262359307, best 0.062024449893\n",
      "timestep 55, worst 0.0607840382097, best 0.0621793499614\n",
      "timestep 56, worst 0.0611888599013, best 0.06243352479\n",
      "timestep 57, worst 0.0607471632188, best 0.0626864426666\n",
      "timestep 58, worst 0.0613878276551, best 0.0622450534757\n",
      "timestep 59, worst 0.0614194167664, best 0.0622921201378\n",
      "timestep 60, worst 0.0617177399238, best 0.062598494904\n",
      "timestep 61, worst 0.0616285884329, best 0.0626295805828\n",
      "timestep 62, worst 0.0615001731685, best 0.0629904359372\n",
      "timestep 63, worst 0.0613527211919, best 0.0631968085293\n",
      "timestep 64, worst 0.0614767174937, best 0.0631409094221\n",
      "timestep 65, worst 0.0613710590874, best 0.0631194180424\n",
      "timestep 66, worst 0.0614159872141, best 0.0632963982446\n",
      "timestep 67, worst 0.0611270896787, best 0.0631632641782\n",
      "timestep 68, worst 0.0611301791846, best 0.0629754744411\n",
      "timestep 69, worst 0.0615977892135, best 0.063270262165\n",
      "timestep 70, worst 0.0615434618449, best 0.0632229498258\n",
      "timestep 71, worst 0.0623926245678, best 0.0633273968368\n",
      "timestep 72, worst 0.0624172778274, best 0.0636656641764\n",
      "timestep 73, worst 0.0627848056935, best 0.0636450709721\n",
      "timestep 74, worst 0.0624344226469, best 0.0634559785642\n",
      "timestep 75, worst 0.0628927005791, best 0.0638031389813\n",
      "timestep 76, worst 0.0630085303631, best 0.0639153476952\n",
      "timestep 77, worst 0.0626335986978, best 0.064265156681\n",
      "timestep 78, worst 0.0628009535007, best 0.064273971004\n",
      "timestep 79, worst 0.0630387659569, best 0.0645908549462\n",
      "timestep 80, worst 0.0633432245548, best 0.0642561223526\n",
      "timestep 81, worst 0.0636143796558, best 0.0644460941393\n",
      "timestep 82, worst 0.0632345925113, best 0.0645421925954\n",
      "timestep 83, worst 0.0630896088612, best 0.0646500594032\n",
      "timestep 84, worst 0.0632117000147, best 0.0647407963325\n",
      "timestep 85, worst 0.062899224962, best 0.0648924102246\n",
      "timestep 86, worst 0.0633708396411, best 0.0647923014038\n",
      "timestep 87, worst 0.0637391966518, best 0.0643431759139\n",
      "timestep 88, worst 0.0635709731911, best 0.0643671476073\n",
      "timestep 89, worst 0.0633812070486, best 0.064605611335\n",
      "timestep 90, worst 0.0628508522173, best 0.0648626595278\n",
      "timestep 91, worst 0.0631450055953, best 0.064785984245\n",
      "timestep 92, worst 0.0631256371447, best 0.0646247689745\n",
      "timestep 93, worst 0.0635845140372, best 0.0648454813927\n",
      "timestep 94, worst 0.0635331943295, best 0.0649392614542\n",
      "timestep 95, worst 0.0635574423873, best 0.0649386063555\n",
      "timestep 96, worst 0.0638748573936, best 0.0649128292903\n",
      "timestep 97, worst 0.0638827256016, best 0.0652690732989\n",
      "timestep 98, worst 0.0637194882297, best 0.0651472352894\n",
      "timestep 99, worst 0.0640703693381, best 0.0652565361019\n",
      "distance after evolution 0.0654144237889\n"
     ]
    }
   ],
   "source": [
    "\n",
    "\n",
    "#start the optimization process\n",
    "find_conditional_output = function_generation.FindConditionalOutput(\n",
    "    conditional_outputs, goal_distance, number_of_generations,\n",
    "    number_of_children, parent_selection_mode\n",
    ")\n",
    "print([i.score for i in find_conditional_output.individuals])\n",
    "#find_conditional_output.evolve(generational, mutation_size, None,\n",
    "#                               number_of_input_distributions)\n",
    "find_conditional_output.evolve(generational, mutation_size, input_dists, None)\n",
    "\n",
    "print(\"distance after evolution {}\".format(\n",
    "    function_generation.sort_individuals(find_conditional_output.individuals)[-1].score\n",
    "))\n",
    "\n",
    "\n"
   ]
  },
  {
   "cell_type": "code",
   "execution_count": 36,
   "metadata": {},
   "outputs": [
    {
     "data": {
      "text/plain": [
       "array([[[[[  5.27549717e-02,   5.96984285e-02,   2.50450767e-02,\n",
       "             1.93755232e-01,   6.68746291e-01],\n",
       "          [  5.43970359e-02,   5.88832513e-02,   2.75656314e-01,\n",
       "             2.28175533e-01,   3.82887865e-01],\n",
       "          [  1.94235000e-01,   4.43534712e-01,   5.93028144e-02,\n",
       "             1.38165378e-01,   1.64762096e-01],\n",
       "          [  8.40696842e-02,   4.43248474e-01,   3.69548888e-01,\n",
       "             1.03132955e-01,   0.00000000e+00],\n",
       "          [  3.07861542e-01,   1.23310639e-01,   2.53676454e-01,\n",
       "             2.59918305e-01,   5.52330605e-02]],\n",
       "\n",
       "         [[  5.55559606e-02,   2.39305363e-01,   6.37083814e-02,\n",
       "             4.99744240e-01,   1.41686055e-01],\n",
       "          [  8.15116567e-02,   0.00000000e+00,   6.56381942e-01,\n",
       "             8.84831834e-02,   1.73623218e-01],\n",
       "          [  2.92315372e-01,   2.05657780e-01,   2.23145469e-01,\n",
       "             5.99089876e-02,   2.18972392e-01],\n",
       "          [  3.70720804e-02,   7.14871071e-01,   4.00498180e-02,\n",
       "             1.62844123e-02,   1.91722618e-01],\n",
       "          [  1.58051698e-01,   4.10917441e-01,   2.69709021e-03,\n",
       "             1.26437729e-03,   4.27069393e-01]],\n",
       "\n",
       "         [[  8.76959754e-02,   9.35460692e-02,   6.25186889e-01,\n",
       "             1.93571066e-01,   0.00000000e+00],\n",
       "          [  5.32980339e-02,   0.00000000e+00,   9.79293328e-02,\n",
       "             2.40045853e-01,   6.08726780e-01],\n",
       "          [  1.37972223e-01,   3.70790337e-01,   2.41388675e-01,\n",
       "             2.25047741e-01,   2.48010235e-02],\n",
       "          [  3.41401118e-01,   5.69637515e-01,   2.46990674e-02,\n",
       "             6.42623001e-02,   0.00000000e+00],\n",
       "          [  6.87715481e-03,   8.66630218e-02,   3.94489672e-01,\n",
       "             4.12129478e-01,   9.98406728e-02]],\n",
       "\n",
       "         [[  1.19238185e-01,   4.63767175e-01,   1.61211636e-01,\n",
       "             3.35870648e-02,   2.22195939e-01],\n",
       "          [  9.53757562e-02,   5.55696264e-02,   1.74355537e-02,\n",
       "             4.38488466e-01,   3.93130598e-01],\n",
       "          [  4.40805341e-01,   8.82622478e-02,   7.60083493e-02,\n",
       "             3.14768542e-01,   8.01555205e-02],\n",
       "          [  2.84199197e-02,   1.60034336e-01,   2.12418695e-02,\n",
       "             0.00000000e+00,   7.90303875e-01],\n",
       "          [  1.93450215e-01,   1.13957311e-02,   2.65186088e-01,\n",
       "             5.29967966e-01,   0.00000000e+00]],\n",
       "\n",
       "         [[  7.14587126e-01,   7.43394417e-02,   1.08507136e-01,\n",
       "             1.00919322e-01,   1.64697401e-03],\n",
       "          [  1.61952690e-01,   3.42729970e-01,   2.65322924e-01,\n",
       "             1.12053633e-01,   1.17940783e-01],\n",
       "          [  3.33891999e-01,   2.03788462e-01,   1.32992586e-02,\n",
       "             2.58006490e-01,   1.91013790e-01],\n",
       "          [  9.12679892e-02,   1.26889520e-02,   2.36442795e-01,\n",
       "             5.03032888e-01,   1.56567376e-01],\n",
       "          [  1.73646879e-01,   6.05034047e-02,   3.91869557e-01,\n",
       "             3.18068241e-02,   3.42173335e-01]]],\n",
       "\n",
       "\n",
       "        [[[  2.68888887e-01,   4.98808860e-01,   2.71364681e-02,\n",
       "             1.27014794e-02,   1.92464306e-01],\n",
       "          [  3.03683165e-02,   6.45343741e-02,   0.00000000e+00,\n",
       "             5.32955598e-01,   3.72141712e-01],\n",
       "          [  2.30158415e-01,   2.41760006e-02,   8.99331391e-02,\n",
       "             0.00000000e+00,   6.55732445e-01],\n",
       "          [  2.21253166e-01,   5.05854771e-01,   1.78612153e-02,\n",
       "             2.55030847e-01,   0.00000000e+00],\n",
       "          [  1.39068741e-01,   3.44793825e-02,   1.85959594e-02,\n",
       "             2.96811718e-01,   5.11044199e-01]],\n",
       "\n",
       "         [[  3.16794377e-01,   1.85304513e-01,   3.90183162e-01,\n",
       "             9.80205070e-02,   9.69744054e-03],\n",
       "          [  8.88956346e-02,   2.21040630e-01,   4.36775440e-01,\n",
       "             1.63941663e-01,   8.93466321e-02],\n",
       "          [  7.40623559e-01,   6.71795138e-02,   4.17093751e-02,\n",
       "             1.27309006e-01,   2.31785463e-02],\n",
       "          [  5.43237412e-02,   2.01759207e-01,   1.51748771e-01,\n",
       "             4.71038936e-01,   1.21129345e-01],\n",
       "          [  1.35254604e-01,   2.69206353e-01,   2.16430519e-01,\n",
       "             1.90849325e-01,   1.88259199e-01]],\n",
       "\n",
       "         [[  4.00689225e-03,   5.11611039e-02,   7.34157812e-02,\n",
       "             1.61951257e-01,   7.09464965e-01],\n",
       "          [  2.89931688e-01,   3.16990158e-01,   3.95716901e-02,\n",
       "             1.88674746e-01,   1.64831719e-01],\n",
       "          [  4.01792896e-02,   1.64614665e-02,   1.78355552e-01,\n",
       "             2.87622076e-01,   4.77381616e-01],\n",
       "          [  1.07037594e-01,   2.53433020e-01,   1.79963995e-02,\n",
       "             5.20202484e-01,   1.01330503e-01],\n",
       "          [  1.84876339e-01,   1.65881765e-01,   3.97493028e-01,\n",
       "             1.80315980e-01,   7.14328883e-02]],\n",
       "\n",
       "         [[  1.87129016e-02,   4.22052667e-01,   5.07656906e-01,\n",
       "             3.76840147e-02,   1.38935112e-02],\n",
       "          [  5.12587002e-01,   2.60539876e-01,   2.26873122e-01,\n",
       "             0.00000000e+00,   0.00000000e+00],\n",
       "          [  1.45178100e-02,   7.24309456e-01,   2.26379289e-01,\n",
       "             3.54008284e-03,   3.12533620e-02],\n",
       "          [  4.49977777e-02,   2.58527648e-01,   7.98339407e-03,\n",
       "             2.85883456e-01,   4.02607724e-01],\n",
       "          [  7.87642680e-02,   3.73353777e-01,   2.06599636e-01,\n",
       "             4.75334407e-02,   2.93748879e-01]],\n",
       "\n",
       "         [[  1.46148633e-01,   6.19051415e-02,   1.56757896e-01,\n",
       "             4.80454263e-01,   1.54734067e-01],\n",
       "          [  2.81346179e-01,   2.81829948e-02,   2.24191509e-02,\n",
       "             2.38121780e-01,   4.29929896e-01],\n",
       "          [  2.88835574e-02,   1.05338745e-01,   1.66834571e-02,\n",
       "             6.62124725e-01,   1.86969515e-01],\n",
       "          [  5.19917447e-02,   5.22532301e-02,   1.38808137e-01,\n",
       "             1.02478713e-01,   6.54468175e-01],\n",
       "          [  1.63588627e-02,   1.82815176e-01,   7.66225163e-02,\n",
       "             5.90252728e-01,   1.33950717e-01]]],\n",
       "\n",
       "\n",
       "        [[[  2.03080855e-01,   2.66471540e-01,   5.32680504e-02,\n",
       "             2.24628706e-01,   2.52550849e-01],\n",
       "          [  2.33571893e-01,   0.00000000e+00,   2.59130806e-01,\n",
       "             1.32128136e-01,   3.75169165e-01],\n",
       "          [  4.63780659e-01,   2.51251366e-01,   7.78092720e-02,\n",
       "             1.79664541e-01,   2.74941626e-02],\n",
       "          [  5.58148323e-02,   2.31760372e-01,   2.79418558e-02,\n",
       "             6.78939233e-01,   5.54370705e-03],\n",
       "          [  5.28535644e-02,   2.89219288e-02,   4.77955009e-01,\n",
       "             9.97979659e-02,   3.40471532e-01]],\n",
       "\n",
       "         [[  5.54312896e-01,   2.92404091e-01,   5.91973448e-02,\n",
       "             0.00000000e+00,   9.40856683e-02],\n",
       "          [  1.33544713e-01,   3.38577305e-01,   1.47143934e-01,\n",
       "             3.29347144e-01,   5.13869046e-02],\n",
       "          [  3.92159679e-01,   3.12136141e-01,   0.00000000e+00,\n",
       "             1.18956346e-01,   1.76747835e-01],\n",
       "          [  1.96222383e-01,   2.89106342e-01,   6.06147827e-02,\n",
       "             2.83415358e-01,   1.70641134e-01],\n",
       "          [  5.40059814e-02,   1.41436054e-01,   2.46310740e-02,\n",
       "             5.66263324e-01,   2.13663567e-01]],\n",
       "\n",
       "         [[  9.02899367e-02,   5.98959959e-01,   1.10938755e-01,\n",
       "             0.00000000e+00,   1.99811349e-01],\n",
       "          [  4.85661129e-01,   0.00000000e+00,   1.37592668e-01,\n",
       "             2.72956213e-01,   1.03789989e-01],\n",
       "          [  8.59767191e-02,   2.84919238e-01,   1.61971064e-01,\n",
       "             0.00000000e+00,   4.67132979e-01],\n",
       "          [  7.55278582e-02,   2.33354441e-01,   1.81396516e-01,\n",
       "             1.36732137e-01,   3.72989047e-01],\n",
       "          [  5.99569929e-02,   4.30659195e-01,   3.20701449e-02,\n",
       "             4.53071502e-01,   2.42421653e-02]],\n",
       "\n",
       "         [[  2.89760560e-01,   0.00000000e+00,   1.08091610e-01,\n",
       "             5.83829607e-01,   1.83182232e-02],\n",
       "          [  1.05359625e-01,   6.97960735e-02,   2.74596090e-01,\n",
       "             4.61078917e-02,   5.04140320e-01],\n",
       "          [  0.00000000e+00,   2.69798414e-01,   1.04073287e-01,\n",
       "             4.37198118e-01,   1.88930180e-01],\n",
       "          [  5.02470008e-01,   8.09521277e-02,   2.43988908e-01,\n",
       "             1.40180631e-01,   3.24083248e-02],\n",
       "          [  3.46691450e-01,   1.58050935e-01,   2.43234840e-01,\n",
       "             1.18039528e-01,   1.33983248e-01]],\n",
       "\n",
       "         [[  4.34257772e-01,   2.85342118e-01,   9.81940337e-02,\n",
       "             2.56658717e-02,   1.56540205e-01],\n",
       "          [  0.00000000e+00,   5.86475004e-01,   5.08688509e-02,\n",
       "             1.68564899e-01,   1.94091246e-01],\n",
       "          [  5.37533107e-02,   5.60140069e-01,   4.46150979e-02,\n",
       "             1.08353592e-01,   2.33137930e-01],\n",
       "          [  1.70855623e-01,   9.25356495e-02,   2.59546242e-01,\n",
       "             3.32060685e-02,   4.43856417e-01],\n",
       "          [  1.48651341e-01,   2.33498321e-01,   5.32299680e-02,\n",
       "             4.23344843e-01,   1.41275527e-01]]],\n",
       "\n",
       "\n",
       "        [[[  2.15248286e-02,   8.29205415e-02,   4.22483169e-01,\n",
       "             3.30586167e-01,   1.42485294e-01],\n",
       "          [  2.37430667e-02,   4.01562435e-01,   4.29059487e-01,\n",
       "             1.45635010e-01,   0.00000000e+00],\n",
       "          [  1.14090158e-01,   2.81364940e-01,   2.41424019e-01,\n",
       "             2.65547007e-01,   9.75738765e-02],\n",
       "          [  1.22551563e-01,   7.48115941e-03,   4.46021305e-01,\n",
       "             1.05760687e-01,   3.18185286e-01],\n",
       "          [  4.12969592e-01,   1.89030676e-01,   1.70240245e-01,\n",
       "             1.35325478e-01,   9.24340100e-02]],\n",
       "\n",
       "         [[  2.24856086e-01,   3.82110269e-01,   0.00000000e+00,\n",
       "             3.12837419e-01,   8.01962254e-02],\n",
       "          [  3.31795167e-02,   7.30079252e-02,   3.06937802e-01,\n",
       "             2.75514924e-01,   3.11359831e-01],\n",
       "          [  3.92323836e-02,   4.55877174e-01,   2.92288959e-01,\n",
       "             1.57336388e-01,   5.52650952e-02],\n",
       "          [  8.23475216e-02,   2.19524891e-01,   1.22388146e-01,\n",
       "             5.09713378e-01,   6.60260632e-02],\n",
       "          [  1.31735852e-01,   2.59669769e-01,   5.06950648e-01,\n",
       "             0.00000000e+00,   1.01643731e-01]],\n",
       "\n",
       "         [[  7.32605367e-02,   3.86934120e-01,   7.11859756e-02,\n",
       "             1.95967511e-01,   2.72651856e-01],\n",
       "          [  2.97973379e-01,   1.01875698e-02,   9.32796903e-02,\n",
       "             3.62348993e-01,   2.36210368e-01],\n",
       "          [  1.84443631e-01,   1.59849127e-01,   1.10648364e-01,\n",
       "             4.01390005e-01,   1.43668873e-01],\n",
       "          [  4.78714443e-01,   2.94874374e-01,   1.63347907e-01,\n",
       "             5.29824057e-03,   5.77650357e-02],\n",
       "          [  4.01650523e-02,   6.39024620e-01,   4.54840795e-02,\n",
       "             1.39550813e-01,   1.35775435e-01]],\n",
       "\n",
       "         [[  9.78541612e-02,   1.63711853e-01,   1.46833859e-01,\n",
       "             3.07317745e-01,   2.84282382e-01],\n",
       "          [  3.80297568e-01,   9.35607903e-02,   3.55681656e-01,\n",
       "             8.05930645e-02,   8.98669209e-02],\n",
       "          [  3.07759106e-01,   0.00000000e+00,   1.62082518e-01,\n",
       "             1.17481281e-01,   4.12677095e-01],\n",
       "          [  2.18678606e-01,   5.04630423e-02,   5.67456101e-01,\n",
       "             1.40044757e-01,   2.33574931e-02],\n",
       "          [  2.12702264e-01,   6.36188217e-04,   5.76243292e-01,\n",
       "             2.10418256e-01,   0.00000000e+00]],\n",
       "\n",
       "         [[  3.30856092e-01,   2.33734251e-01,   1.80660030e-01,\n",
       "             2.55310680e-02,   2.29218559e-01],\n",
       "          [  4.23278013e-01,   1.21477523e-01,   1.45019252e-01,\n",
       "             1.47370021e-01,   1.62855190e-01],\n",
       "          [  4.43999569e-02,   0.00000000e+00,   2.76808062e-01,\n",
       "             4.68252423e-01,   2.10539557e-01],\n",
       "          [  2.52900567e-02,   1.74623882e-01,   0.00000000e+00,\n",
       "             2.42726337e-01,   5.57359725e-01],\n",
       "          [  1.24020836e-01,   9.64116665e-02,   1.53893211e-02,\n",
       "             3.30146333e-02,   7.31163543e-01]]],\n",
       "\n",
       "\n",
       "        [[[  1.18545627e-01,   1.47044886e-02,   4.33001927e-01,\n",
       "             4.27513694e-02,   3.90996588e-01],\n",
       "          [  1.04380213e-01,   5.18353926e-02,   1.74197371e-01,\n",
       "             5.10127139e-02,   6.18574309e-01],\n",
       "          [  7.03355090e-02,   7.44758314e-02,   5.96577395e-02,\n",
       "             5.86223185e-01,   2.09307736e-01],\n",
       "          [  1.41579812e-01,   3.33748508e-02,   3.21091373e-01,\n",
       "             1.11689941e-02,   4.92784970e-01],\n",
       "          [  6.56353993e-01,   1.75178415e-01,   6.40644036e-02,\n",
       "             8.97263077e-02,   1.46768801e-02]],\n",
       "\n",
       "         [[  4.60965917e-02,   4.67137986e-01,   3.52815448e-02,\n",
       "             1.95645273e-01,   2.55838605e-01],\n",
       "          [  1.92129454e-01,   2.49708392e-01,   1.81859206e-01,\n",
       "             2.87323195e-01,   8.89797528e-02],\n",
       "          [  1.00782619e-01,   2.46025293e-01,   4.50913966e-02,\n",
       "             3.08974327e-01,   2.99126365e-01],\n",
       "          [  3.20964431e-01,   0.00000000e+00,   2.57766155e-01,\n",
       "             3.99496168e-01,   2.17732453e-02],\n",
       "          [  1.21045570e-01,   3.72895378e-02,   1.18294379e-01,\n",
       "             4.58757567e-01,   2.64612946e-01]],\n",
       "\n",
       "         [[  4.62104793e-01,   9.37219400e-02,   6.70136155e-02,\n",
       "             1.44292860e-01,   2.32866791e-01],\n",
       "          [  3.04674724e-01,   2.58000558e-01,   1.14055479e-01,\n",
       "             3.31529962e-02,   2.90116243e-01],\n",
       "          [  5.27529673e-02,   6.04354124e-02,   3.13150095e-01,\n",
       "             4.90012200e-01,   8.36493254e-02],\n",
       "          [  4.12002907e-01,   2.53169164e-02,   2.42880507e-01,\n",
       "             2.85900169e-02,   2.91209652e-01],\n",
       "          [  3.35593243e-01,   6.82270134e-02,   3.07075883e-02,\n",
       "             4.92483260e-01,   7.29888951e-02]],\n",
       "\n",
       "         [[  2.65732385e-01,   2.24668342e-01,   4.25624646e-01,\n",
       "             0.00000000e+00,   8.39746271e-02],\n",
       "          [  1.59146131e-01,   6.31827216e-01,   6.35819557e-02,\n",
       "             8.58597760e-02,   5.95849206e-02],\n",
       "          [  2.73379083e-01,   3.54875087e-02,   1.15015236e-01,\n",
       "             2.22107833e-01,   3.54010339e-01],\n",
       "          [  1.43520410e-01,   8.87755471e-02,   1.36908087e-01,\n",
       "             1.90077130e-01,   4.40718826e-01],\n",
       "          [  6.25563395e-01,   3.02211762e-02,   1.02874876e-01,\n",
       "             1.73684157e-01,   6.76563960e-02]],\n",
       "\n",
       "         [[  4.49499409e-01,   3.73563375e-02,   0.00000000e+00,\n",
       "             2.51313727e-01,   2.61830527e-01],\n",
       "          [  4.22175828e-01,   6.20680198e-02,   2.45836615e-01,\n",
       "             1.28514711e-01,   1.41404827e-01],\n",
       "          [  6.60256513e-01,   1.30923696e-01,   0.00000000e+00,\n",
       "             1.21359336e-01,   8.74604559e-02],\n",
       "          [  1.58742792e-01,   2.66687228e-01,   8.23814965e-02,\n",
       "             3.85062193e-01,   1.07126291e-01],\n",
       "          [  1.11790754e-01,   2.45419515e-01,   1.62092752e-01,\n",
       "             1.00253577e-01,   3.80443401e-01]]]],\n",
       "\n",
       "\n",
       "\n",
       "       [[[[  3.30172035e-01,   1.97123428e-01,   4.22144111e-02,\n",
       "             3.41176935e-01,   8.93131916e-02],\n",
       "          [  5.19147212e-01,   0.00000000e+00,   1.70376937e-01,\n",
       "             2.14993667e-01,   9.54821835e-02],\n",
       "          [  3.62699853e-01,   3.31122296e-02,   1.49941488e-01,\n",
       "             1.13794101e-01,   3.40452328e-01],\n",
       "          [  6.27073276e-01,   1.96044125e-01,   1.80477550e-02,\n",
       "             1.58834844e-01,   0.00000000e+00],\n",
       "          [  1.09042109e-01,   1.31343506e-01,   3.59429979e-01,\n",
       "             1.24643779e-01,   2.75540627e-01]],\n",
       "\n",
       "         [[  5.70727263e-03,   8.48101332e-02,   1.36993181e-01,\n",
       "             2.23015302e-01,   5.49474112e-01],\n",
       "          [  3.05061099e-01,   1.42163606e-02,   1.29207146e-01,\n",
       "             5.51515395e-01,   0.00000000e+00],\n",
       "          [  8.60160178e-02,   3.84251588e-02,   2.22842550e-03,\n",
       "             7.93974943e-01,   7.93554552e-02],\n",
       "          [  1.31402029e-01,   4.93624916e-01,   3.13906696e-01,\n",
       "             4.16397548e-02,   1.94266045e-02],\n",
       "          [  2.61406989e-02,   1.06955184e-01,   6.63319294e-01,\n",
       "             6.06393422e-02,   1.42945482e-01]],\n",
       "\n",
       "         [[  8.34589988e-02,   6.07283471e-01,   1.08510291e-01,\n",
       "             1.56868248e-01,   4.38789914e-02],\n",
       "          [  6.92127448e-02,   8.07638602e-02,   7.51833369e-02,\n",
       "             2.80406939e-01,   4.94433119e-01],\n",
       "          [  8.76823191e-03,   9.71081164e-02,   3.28161872e-01,\n",
       "             4.13973558e-01,   1.51988221e-01],\n",
       "          [  1.71647939e-02,   3.28350048e-01,   4.60897084e-01,\n",
       "             3.61463366e-02,   1.57441737e-01],\n",
       "          [  7.29788661e-01,   5.06035874e-02,   2.22147028e-02,\n",
       "             5.60809492e-03,   1.91784954e-01]],\n",
       "\n",
       "         [[  1.15890270e-01,   1.75264411e-01,   9.18853613e-02,\n",
       "             3.89885143e-01,   2.27074814e-01],\n",
       "          [  6.04894427e-02,   1.91442312e-01,   3.63360031e-01,\n",
       "             3.01456369e-01,   8.32518450e-02],\n",
       "          [  1.41377502e-01,   2.14467807e-01,   1.72834704e-01,\n",
       "             3.67624309e-01,   1.03695677e-01],\n",
       "          [  2.88681023e-01,   1.01304045e-01,   2.19050273e-01,\n",
       "             1.22370955e-01,   2.68593705e-01],\n",
       "          [  8.44246513e-03,   1.00571822e-01,   4.04747393e-01,\n",
       "             7.28967651e-02,   4.13341555e-01]],\n",
       "\n",
       "         [[  2.92637096e-01,   4.39101165e-01,   9.03070561e-02,\n",
       "             2.17780758e-02,   1.56176607e-01],\n",
       "          [  4.46876725e-01,   1.32686404e-01,   2.00538779e-01,\n",
       "             5.08859866e-03,   2.14809493e-01],\n",
       "          [  3.26218263e-02,   4.66449510e-01,   7.61157203e-02,\n",
       "             3.68689168e-01,   5.61237759e-02],\n",
       "          [  2.22192827e-01,   5.70497018e-02,   1.33709990e-01,\n",
       "             1.46492463e-01,   4.40555018e-01],\n",
       "          [  8.92056532e-02,   1.82245286e-02,   4.64392086e-01,\n",
       "             1.53491661e-01,   2.74686072e-01]]],\n",
       "\n",
       "\n",
       "        [[[  2.19827078e-01,   2.19223139e-01,   2.04041469e-01,\n",
       "             8.36084406e-02,   2.73299873e-01],\n",
       "          [  1.34421387e-01,   6.38157575e-01,   1.40661692e-01,\n",
       "             3.85135832e-02,   4.82457630e-02],\n",
       "          [  1.03247208e-01,   3.14917397e-01,   2.22643887e-01,\n",
       "             1.15589152e-01,   2.43602356e-01],\n",
       "          [  5.17723885e-02,   2.70321648e-01,   1.79333924e-02,\n",
       "             2.06329522e-01,   4.53643048e-01],\n",
       "          [  0.00000000e+00,   2.72316631e-01,   3.19410622e-02,\n",
       "             3.01693734e-01,   3.94048572e-01]],\n",
       "\n",
       "         [[  1.97724710e-02,   1.93036106e-01,   1.68231166e-02,\n",
       "             5.22959091e-03,   7.65138716e-01],\n",
       "          [  3.73069446e-01,   5.35394805e-02,   1.39437715e-01,\n",
       "             3.37409509e-02,   4.00212408e-01],\n",
       "          [  2.28254627e-02,   3.32766903e-02,   1.54289091e-01,\n",
       "             7.41459791e-01,   4.81489652e-02],\n",
       "          [  3.46657505e-02,   2.48567062e-01,   2.14596966e-01,\n",
       "             1.39010716e-01,   3.63159506e-01],\n",
       "          [  1.19051717e-01,   0.00000000e+00,   3.72560148e-01,\n",
       "             2.37241888e-01,   2.71146247e-01]],\n",
       "\n",
       "         [[  2.52479437e-01,   7.20647807e-02,   1.58749393e-01,\n",
       "             4.78850670e-01,   3.78557199e-02],\n",
       "          [  3.04068773e-01,   3.15758033e-01,   0.00000000e+00,\n",
       "             8.85021824e-02,   2.91671011e-01],\n",
       "          [  0.00000000e+00,   6.43725353e-01,   5.25442208e-02,\n",
       "             2.69061438e-01,   3.46689877e-02],\n",
       "          [  2.86319421e-01,   1.57988145e-01,   4.08597666e-01,\n",
       "             5.47567098e-02,   9.23380587e-02],\n",
       "          [  3.82697583e-01,   2.07895587e-02,   3.39928483e-01,\n",
       "             1.12585251e-01,   1.43999124e-01]],\n",
       "\n",
       "         [[  4.93202530e-01,   4.91968105e-02,   7.77421128e-02,\n",
       "             1.77672098e-01,   2.02186448e-01],\n",
       "          [  2.10319787e-01,   1.09300472e-01,   3.94812942e-01,\n",
       "             1.33585922e-01,   1.51980877e-01],\n",
       "          [  4.36041570e-02,   4.88789884e-01,   9.52406978e-02,\n",
       "             3.55554684e-01,   1.68105771e-02],\n",
       "          [  1.60987197e-02,   2.51952534e-02,   0.00000000e+00,\n",
       "             9.27481142e-01,   3.12248849e-02],\n",
       "          [  1.61573419e-01,   3.59055326e-01,   1.24109265e-01,\n",
       "             2.99645863e-02,   3.25297404e-01]],\n",
       "\n",
       "         [[  1.14983889e-01,   1.86533073e-01,   1.28659125e-01,\n",
       "             5.27627700e-02,   5.17061144e-01],\n",
       "          [  5.52633026e-01,   9.56211811e-02,   1.10820978e-01,\n",
       "             5.07175840e-03,   2.35853057e-01],\n",
       "          [  3.92280184e-01,   2.22772466e-01,   2.07286178e-01,\n",
       "             5.53500794e-02,   1.22311093e-01],\n",
       "          [  4.87955037e-02,   6.60264068e-01,   0.00000000e+00,\n",
       "             2.17320415e-01,   7.36200142e-02],\n",
       "          [  3.95380827e-01,   8.47127525e-02,   1.88574484e-01,\n",
       "             1.30290679e-01,   2.01041258e-01]]],\n",
       "\n",
       "\n",
       "        [[[  2.18748184e-01,   5.41355478e-02,   1.28232521e-01,\n",
       "             3.16830483e-01,   2.82053264e-01],\n",
       "          [  4.61214327e-01,   1.24996783e-01,   0.00000000e+00,\n",
       "             2.80253854e-01,   1.33535037e-01],\n",
       "          [  1.52376905e-01,   3.18866698e-01,   4.82656086e-02,\n",
       "             0.00000000e+00,   4.80490788e-01],\n",
       "          [  3.94809029e-02,   6.80876604e-01,   8.43171182e-02,\n",
       "             1.16490066e-02,   1.83676368e-01],\n",
       "          [  6.91486741e-02,   2.50000000e-02,   1.53552652e-01,\n",
       "             2.66985554e-01,   4.85313119e-01]],\n",
       "\n",
       "         [[  8.41902414e-02,   1.35266311e-02,   5.34411660e-01,\n",
       "             1.42088754e-01,   2.25782713e-01],\n",
       "          [  2.24974553e-02,   3.37717452e-01,   4.73593919e-02,\n",
       "             3.37676504e-01,   2.54749197e-01],\n",
       "          [  3.22771162e-01,   9.11099967e-02,   1.40083475e-01,\n",
       "             2.89508837e-01,   1.56526529e-01],\n",
       "          [  1.31593150e-02,   3.96250856e-01,   1.56693547e-01,\n",
